11.072273, -0.000573
11.493351, 0.002289
11.148205, 0.002203
10.920409, -0.001621
11.175817, -0.000156
11.182720, -0.000819
11.265554, 0.001498
11.244846, -0.001420
11.017050, 0.000036
11.162011, 0.001332
10.789254, -0.003219
11.175817, 0.000970
11.403612, -0.000462
10.713322, 0.000035
10.920409, -0.001503
11.010147, 0.001311
10.996342, 0.001726
10.989438, -0.001229
11.023952, 0.001283
11.306972, -0.000053
10.989438, -0.001182
11.217236, 0.000781
11.037759, -0.001867
11.003243, -0.001034
10.768545, -0.000866
10.575263, -0.002227
10.782351, -0.000089
10.685709, 0.000567
10.754739, 0.000449
10.526943, 0.000668
10.892797, -0.000658
10.513138, 0.000987
10.671905, 0.001027
10.823768, -0.000639
10.506234, 0.001770
10.754740, -0.002812
10.464818, -0.001127
10.595972, 0.001040
10.892797, 0.003086
10.761642, -0.001369
11.030856, -0.002620
10.181798, -0.017504
10.727127, -0.014714
10.975633, -0.023225
10.941118, -0.026432
10.789254, -0.031878
10.354370, -0.042079
10.513138, -0.058892
11.589993, -0.066360
10.016127, -0.054264
10.057545, -0.060029
10.381982, -0.068132
11.286263, -0.077662
10.533846, -0.085773
11.790176, -0.080223
11.583088, -0.091137
10.009225, -0.065400
10.181798, -0.058393
11.679729, -0.066735
10.464817, -0.051624
10.651196, -0.051004
10.167992, -0.046389
10.568360, -0.042348
10.292244, -0.029801
10.154186, -0.032183
10.630487, -0.023211
10.975633, -0.022475
10.671905, -0.022665
11.355292, -0.020483
11.030855, -0.019452
11.410517, -0.021472
11.244846, -0.016973
11.520963, -0.015116
11.845400, -0.014186
11.686633, -0.012542
11.817787, -0.012357
11.900623, -0.012563
11.472642, -0.009585
11.976555, -0.009041
11.520964, -0.009346
11.672827, -0.010071
11.424322, -0.008847
11.534769, -0.003963
11.451933, -0.004760
11.369098, -0.005072
11.569283, -0.004327
11.355293, -0.003313
11.327682, -0.004690
11.341487, -0.005013
11.320778, -0.002326
11.300070, -0.003434
11.210332, -0.002385
11.272457, -0.005523
11.106789, -0.003288
10.913507, -0.003250
10.975633, -0.001537
11.203428, -0.001256
11.051565, 0.000935
11.079176, 0.000192
11.265554, -0.000512
10.830670, 0.000129
11.348390, 0.002953
10.961826, -0.000420
11.072272, -0.001043
11.120594, -0.004488
10.982536, -0.013538
11.231040, -0.020847
11.175817, -0.029042
10.913507, -0.032754
11.610701, -0.042639
10.989438, -0.055195
10.775448, -0.055352
11.134399, -0.058980
10.727127, -0.068586
10.188701, -0.074829
10.437204, -0.077764
10.085156, -0.080680
10.540749, -0.076779
10.451012, -0.087100
10.416496, -0.095357
10.368176, -0.100458
10.423399, -0.108058
10.471720, -0.111065
10.361274, -0.116306
11.728050, -0.146535
10.078254, -0.126552
10.057546, -0.124025
10.181797, -0.119737
11.286263, -0.148099
11.610700, -0.177114
10.340565, -0.164877
11.362196, -0.111440
10.685711, -0.073164
10.181798, -0.057786
10.996341, -0.042098
11.141302, -0.033022
11.382904, -0.038174
11.369099, -0.048975
11.141302, -0.047980
11.162011, -0.040531
11.210332, -0.034858
11.507156, -0.032024
10.941118, -0.028561
11.037759, -0.023467
11.286264, -0.020202
11.037759, -0.018446
11.224138, -0.013374
11.217235, -0.014577
10.582166, -0.011215
10.699516, -0.012417
10.920409, -0.008184
10.782351, -0.004091
10.968729, -0.001934
10.692613, 0.003864
10.830671, 0.012141
11.141303, 0.023520
11.148206, 0.030319
11.355292, 0.032014
10.975633, 0.030205
11.106788, 0.037522
11.286263, 0.041008
11.431225, 0.048757
11.086080, 0.047321
10.989438, 0.052412
11.251749, 0.055355
11.086079, 0.055754
10.740933, 0.053668
11.196526, 0.056287
10.913507, 0.052681
11.044662, 0.054680
10.865186, 0.054421
10.872088, 0.058232
11.120593, 0.060464
10.968729, 0.060924
10.885896, 0.066253
10.692614, 0.068267
10.906603, 0.072375
11.334584, 0.076529
10.982534, 0.075421
11.162011, 0.075555
10.754739, 0.072698
11.079176, 0.070217
10.713322, 0.066115
10.830670, 0.063154
10.796157, 0.064034
10.775448, 0.067606
10.789254, 0.074706
10.671905, 0.079354
10.961827, 0.075805
11.079176, 0.077040
10.809962, 0.077116
10.906604, 0.078116
11.044662, 0.077718
10.948021, 0.073004
10.906603, 0.065830
11.037759, 0.057233
11.079176, 0.043521
10.665001, 0.032981
10.996342, 0.023545
10.816865, 0.018255
11.023953, 0.012202
10.761642, 0.008463
10.872088, 0.006325
10.533847, 0.002851
11.010147, 0.002352
10.616680, -0.000361
10.464817, -0.002600
10.582167, -0.001725
10.430302, -0.004777
10.685710, -0.004960
10.513138, -0.005870
10.740933, -0.007792
10.678808, -0.014406
10.796157, -0.017767
10.651196, -0.019930
10.982536, -0.018414
10.858283, -0.019394
10.713322, -0.020068
10.747837, -0.019361
10.823769, -0.021733
10.899700, -0.024312
10.865186, -0.026352
10.823769, -0.024709
10.906603, -0.024392
10.941118, -0.027427
10.844477, -0.025230
10.885895, -0.025256
10.796157, -0.026979
10.754739, -0.027607
10.961827, -0.027742
10.927313, -0.031154
10.540749, -0.028963
10.837574, -0.026575
11.155108, -0.029280
10.796157, -0.034026
10.616681, -0.027005
10.740933, -0.024313
10.416496, -0.029519
10.727127, -0.030698
10.513137, -0.027078
10.257730, -0.027897
11.686632, -0.037615
10.264632, -0.029817
10.899700, -0.028115
10.526943, -0.027766
10.402691, -0.026435
10.264632, -0.022334
11.431225, -0.026939
10.568361, -0.020455
10.257730, -0.018158
10.202506, -0.018371
10.568361, -0.014328
10.865186, -0.013130
10.851380, -0.012399
10.858284, -0.012198
11.010148, -0.012307
10.665001, -0.010485
11.148206, -0.007092
10.734031, -0.010157
10.975633, -0.009042
11.134400, -0.003939
10.892798, -0.010404
11.065370, -0.006447
11.010147, -0.004895
10.961826, -0.005787
11.293167, -0.004407
11.044662, -0.005414
10.982535, -0.002123
10.727127, -0.003773
10.948022, -0.006654
10.830671, -0.005793
10.906603, -0.003782
10.989438, -0.003162
10.948021, -0.000279
11.182720, 0.001903
10.195603, -0.004640
10.354370, -0.008351
10.043739, -0.011411
10.043739, -0.001575
11.237943, 0.005137
10.161088, -0.001394
10.250827, 0.003932
10.347467, 0.006884
10.685709, 0.002294
10.609778, 0.000426
10.865185, 0.000117
10.768545, 0.000556
11.251749, -0.005765
10.906603, -0.008813
10.768544, -0.004643
11.265554, -0.000217
11.237943, 0.000039
11.127497, 0.000487
11.120594, -0.001419
11.376002, 0.003403
10.989439, 0.000614
10.761642, 0.001906
11.058468, -0.002513
10.202506, -0.000899
10.464817, -0.002290
10.658099, -0.007041
10.844477, 0.000083
10.996342, 0.002794
11.244845, -0.000570
10.982536, -0.000732
11.017051, 0.004163
11.141302, 0.004110
11.417419, 0.004670
10.851380, 0.001809
11.410516, 0.001800
11.665924, -0.001243
11.251749, -0.011589
11.231040, -0.018767
11.099885, -0.018587
11.072274, -0.020109
11.113691, -0.022675
10.968730, -0.023749
10.844478, -0.026834
11.189623, -0.028046
10.837574, -0.029247
10.927313, -0.030608
11.058467, -0.031898
10.975633, -0.037999
10.623585, -0.039225
10.471720, -0.040669
10.982534, -0.035185
10.754739, -0.035900
10.941118, -0.038475
11.058467, -0.040245
11.106788, -0.043369
10.934215, -0.045061
10.658098, -0.046752
10.975632, -0.046544
10.416497, -0.045277
10.706419, -0.042025
10.665002, -0.046543
10.665001, -0.045495
10.885895, -0.044853
10.892798, -0.044504
11.058468, -0.042997
10.720224, -0.045839
10.444108, -0.052422
10.630486, -0.045848
10.568361, -0.039018
10.678808, -0.032940
10.816865, -0.027013
10.961826, -0.023089
11.162011, -0.025069
11.030855, -0.023990
11.065371, -0.021683
10.906603, -0.018539
10.892797, -0.016120
10.961826, -0.014049
10.885895, -0.011330
10.948021, -0.010368
10.754739, -0.011099
10.665002, -0.013597
10.644294, -0.011527
10.754740, -0.012958
10.589068, -0.008643
10.720224, -0.005349
11.127497, -0.011053
10.665001, -0.021693
10.892797, -0.019604
10.568360, -0.018624
11.017050, -0.014547
10.713322, -0.020538
10.671905, -0.022032
10.761642, -0.019763
10.740933, -0.022784
10.478622, -0.028221
10.513137, -0.026706
10.147283, -0.020863
10.789254, -0.023846
10.602876, -0.025791
10.727128, -0.026993
10.326758, -0.024039
10.658099, -0.024866
10.437205, -0.025346
10.754739, -0.030339
10.699516, -0.027597
10.816866, -0.028370
10.803060, -0.028728
10.948021, -0.029283
10.941118, -0.026366
10.899701, -0.025075
10.775448, -0.031251
10.927313, -0.027241
11.058467, -0.027899
10.934216, -0.033912
10.803061, -0.033269
11.030855, -0.029616
10.899700, -0.030414
11.120594, -0.027421
11.017050, -0.031103
11.148205, -0.031940
11.044662, -0.029944
10.982535, -0.031233
11.251749, -0.031158
10.920409, -0.034320
11.086079, -0.029349
10.913507, -0.031730
10.685710, -0.031594
10.975633, -0.029500
10.851379, -0.028889
10.623584, -0.027834
10.858283, -0.031962
10.906603, -0.033814
10.803060, -0.030476
10.361273, -0.036095
10.830670, -0.028383
10.533846, -0.027448
10.851379, -0.020464
11.023953, -0.018045
10.809962, -0.022085
11.079177, -0.017443
10.803060, -0.018239
11.113690, -0.016425
10.858283, -0.015901
10.754739, -0.013946
11.237943, -0.009579
10.865186, -0.006888
11.044662, -0.009215
10.678807, -0.012646
10.513137, -0.012226
10.920409, -0.009059
10.589069, -0.007974
10.720225, -0.006796
10.671905, -0.005090
10.713322, -0.003250
11.065371, -0.004107
10.865187, -0.005688
10.934216, -0.006392
10.844477, -0.004053
10.920409, -0.001899
10.927312, -0.004425
11.037759, -0.004523
10.740933, -0.003410
10.968729, -0.001912
10.754739, 0.001012
10.768544, 0.003659
10.989438, 0.005666
10.796157, 0.001504
10.809963, -0.001859
11.217234, -0.001537
10.954924, -0.001663
11.099885, -0.001429
11.175817, -0.000386
10.540749, -0.000725