0.006702
0.009776
0.010128
0.010639
0.011345
0.010490
0.007486
0.006486
0.013543
0.017933
0.009781
0.011218
-0.012580
-0.085694
-0.189347
-0.293292
-0.408855
-0.482922
-0.441168
-0.343840
-0.288209
-0.162297
-0.104167
-0.082386
-0.081679
-0.061244
-0.048748
-0.032509
-0.026411
-0.022097
-0.007955
0.002992
0.005751
0.011110
0.015204
0.000483
-0.074257
-0.185629
-0.299526
-0.417836
-0.539305
-0.635034
-0.761421
-0.864678
-0.863585
-0.679064
-0.385160
-0.273694
-0.206703
-0.148065
-0.092947
-0.036607
0.016277
0.108804
0.200725
0.288309
0.330661
0.378110
0.399935
0.448421
0.501150
0.517171
0.519978
0.569015
0.606660
0.619394
0.599748
0.501835
0.349561
0.218481
0.127372
0.064798
0.021995
-0.035618
-0.067894
-0.092825
-0.110081
-0.125924
-0.137913
-0.140414
-0.151093
-0.147148
-0.144757
-0.145184
-0.146183
-0.115975
-0.081413
-0.056447
-0.031118
-0.008687
0.008679
0.019094
0.027802
0.029824
0.036669
0.027309
0.076718
0.057362
0.069974
0.037575
0.045920
0.061044
0.054515
0.040893
0.067340
0.062346
0.053952
0.038745
-0.011969
-0.068923
-0.119127
-0.149379
-0.182558
-0.220358
-0.244327
-0.253728
-0.257542
-0.271107
-0.264195
-0.240052
-0.181167
-0.125468
-0.078049
-0.044313
-0.017128
-0.033322
-0.052771
-0.081120
-0.096006
-0.111093
-0.129400
-0.130260
-0.134397
-0.148936
-0.152546
-0.142484
-0.157687
-0.159238
-0.156415
-0.156299
-0.157769
-0.152700
-0.149691
-0.131772
-0.090449
-0.055467
-0.022912
-0.010121
0.008317
0.023394
0.032244
0.029549
0.056042
0.055344
0.073251
0.058021
0.054696
0.064698
0.073176